<?xml version="1.0" encoding="utf-8"?>
<COLLADA xmlns="http://www.collada.org/2005/11/COLLADASchema" version="1.4.1">
  <asset>
    <contributor>
      <author>Blender User</author>
      <authoring_tool>Blender 2.69.0 r60995</authoring_tool>
    </contributor>
    <created>2015-03-24T15:53:00</created>
    <modified>2015-03-24T15:53:00</modified>
    <unit name="meter" meter="1"/>
    <up_axis>Z_UP</up_axis>
  </asset>
  <library_images/>
  <library_effects/>
  <library_animations>
    <animation id="Armature_Root_pose_matrix">
      <source id="Armature_Root_pose_matrix-input">
        <float_array id="Armature_Root_pose_matrix-input-array" count="4">0 0.7916667 1.458333 2.041667</float_array>
        <technique_common>
          <accessor source="#Armature_Root_pose_matrix-input-array" count="4" stride="1">
            <param name="TIME" type="float"/>
          </accessor>
        </technique_common>
      </source>
      <source id="Armature_Root_pose_matrix-output">
        <float_array id="Armature_Root_pose_matrix-output-array" count="64">-0.003292543 -0.04225564 0.9991013 0.05857142 0.9999913 -0.002665732 0.003182736 4.44538e-8 0.002528854 0.9991032 0.04226406 1.051394 0 0 0 1 -0.003266275 0.010193 0.9999427 0.0585738 0.9999943 -8.23943e-4 0.003274846 -7.79718e-4 8.57282e-4 0.9999477 -0.01019024 0.8065922 0 0 0 1 -0.003275451 0.02587477 0.9996598 0.0585749 0.9999945 -2.72623e-4 0.003283609 -0.001086085 3.57499e-4 0.999665 -0.02587374 0.6801181 0 0 0 1 -0.003275451 0.02587477 0.9996598 0.05857483 0.9999945 -2.72623e-4 0.003283609 -0.001064666 3.57499e-4 0.999665 -0.02587374 0.6817285 0 0 0 1</float_array>
        <technique_common>
          <accessor source="#Armature_Root_pose_matrix-output-array" count="4" stride="16">
            <param name="TRANSFORM" type="float4x4"/>
          </accessor>
        </technique_common>
      </source>
      <source id="Armature_Root_pose_matrix-interpolation">
        <Name_array id="Armature_Root_pose_matrix-interpolation-array" count="4">LINEAR LINEAR LINEAR LINEAR</Name_array>
        <technique_common>
          <accessor source="#Armature_Root_pose_matrix-interpolation-array" count="4" stride="1">
            <param name="INTERPOLATION" type="name"/>
          </accessor>
        </technique_common>
      </source>
      <sampler id="Armature_Root_pose_matrix-sampler">
        <input semantic="INPUT" source="#Armature_Root_pose_matrix-input"/>
        <input semantic="OUTPUT" source="#Armature_Root_pose_matrix-output"/>
        <input semantic="INTERPOLATION" source="#Armature_Root_pose_matrix-interpolation"/>
      </sampler>
      <channel source="#Armature_Root_pose_matrix-sampler" target="Root/transform"/>
    </animation>
    <animation id="Armature_Body_pose_matrix">
      <source id="Armature_Body_pose_matrix-input">
        <float_array id="Armature_Body_pose_matrix-input-array" count="4">0 0.7916667 1.458333 2.041667</float_array>
        <technique_common>
          <accessor source="#Armature_Body_pose_matrix-input-array" count="4" stride="1">
            <param name="TIME" type="float"/>
          </accessor>
        </technique_common>
      </source>
      <source id="Armature_Body_pose_matrix-output">
        <float_array id="Armature_Body_pose_matrix-output-array" count="64">0.9999855 0.003237515 -0.004287603 1.16415e-10 -0.003624307 0.9956114 -0.09351309 0.2032429 0.003966036 0.09352727 0.9956088 -3.72529e-9 0 0 0 1 0.9999911 2.25659e-4 -0.004198798 1.16415e-10 -0.001305217 0.9658921 -0.2589414 0.2032429 0.003997153 0.2589446 0.9658839 -3.72529e-9 0 0 0 1 0.9999915 -6.66632e-4 -0.004074197 1.16415e-10 -6.16948e-4 0.9516639 -0.3071408 0.2032429 0.004082015 0.3071407 0.9516553 -3.72529e-9 0 0 0 1 0.9999915 -6.66632e-4 -0.004074197 1.16415e-10 -6.16948e-4 0.9516639 -0.3071408 0.2032429 0.004082015 0.3071407 0.9516553 -3.72529e-9 0 0 0 1</float_array>
        <technique_common>
          <accessor source="#Armature_Body_pose_matrix-output-array" count="4" stride="16">
            <param name="TRANSFORM" type="float4x4"/>
          </accessor>
        </technique_common>
      </source>
      <source id="Armature_Body_pose_matrix-interpolation">
        <Name_array id="Armature_Body_pose_matrix-interpolation-array" count="4">LINEAR LINEAR LINEAR LINEAR</Name_array>
        <technique_common>
          <accessor source="#Armature_Body_pose_matrix-interpolation-array" count="4" stride="1">
            <param name="INTERPOLATION" type="name"/>
          </accessor>
        </technique_common>
      </source>
      <sampler id="Armature_Body_pose_matrix-sampler">
        <input semantic="INPUT" source="#Armature_Body_pose_matrix-input"/>
        <input semantic="OUTPUT" source="#Armature_Body_pose_matrix-output"/>
        <input semantic="INTERPOLATION" source="#Armature_Body_pose_matrix-interpolation"/>
      </sampler>
      <channel source="#Armature_Body_pose_matrix-sampler" target="Body/transform"/>
    </animation>
    <animation id="Armature_Head_pose_matrix">
      <source id="Armature_Head_pose_matrix-input">
        <float_array id="Armature_Head_pose_matrix-input-array" count="4">0 0.7916667 1.458333 2.041667</float_array>
        <technique_common>
          <accessor source="#Armature_Head_pose_matrix-input-array" count="4" stride="1">
            <param name="TIME" type="float"/>
          </accessor>
        </technique_common>
      </source>
      <source id="Armature_Head_pose_matrix-output">
        <float_array id="Armature_Head_pose_matrix-output-array" count="64">0.9999991 -8.38127e-4 9.11209e-4 0 8.81057e-4 0.9988383 -0.04818064 0.6149034 -8.69769e-4 0.04818138 0.9988382 -5.96046e-8 0 0 0 1 0.9999995 7.06984e-5 8.75429e-4 0 2.92476e-4 0.9130573 -0.4078312 0.6149034 -8.2815e-4 0.4078313 0.913057 -5.96046e-8 0 0 0 1 0.8686097 -0.3785772 -0.3196818 0 0.1646665 0.8290532 -0.5343743 0.6149034 0.4673352 0.4115218 0.7824626 -5.96046e-8 0 0 0 1 0.8686097 -0.3785772 -0.3196818 0 0.1646665 0.8290532 -0.5343743 0.6149034 0.4673352 0.4115218 0.7824626 -5.96046e-8 0 0 0 1</float_array>
        <technique_common>
          <accessor source="#Armature_Head_pose_matrix-output-array" count="4" stride="16">
            <param name="TRANSFORM" type="float4x4"/>
          </accessor>
        </technique_common>
      </source>
      <source id="Armature_Head_pose_matrix-interpolation">
        <Name_array id="Armature_Head_pose_matrix-interpolation-array" count="4">LINEAR LINEAR LINEAR LINEAR</Name_array>
        <technique_common>
          <accessor source="#Armature_Head_pose_matrix-interpolation-array" count="4" stride="1">
            <param name="INTERPOLATION" type="name"/>
          </accessor>
        </technique_common>
      </source>
      <sampler id="Armature_Head_pose_matrix-sampler">
        <input semantic="INPUT" source="#Armature_Head_pose_matrix-input"/>
        <input semantic="OUTPUT" source="#Armature_Head_pose_matrix-output"/>
        <input semantic="INTERPOLATION" source="#Armature_Head_pose_matrix-interpolation"/>
      </sampler>
      <channel source="#Armature_Head_pose_matrix-sampler" target="Head/transform"/>
    </animation>
    <animation id="Armature_LeftUpperArm_pose_matrix">
      <source id="Armature_LeftUpperArm_pose_matrix-input">
        <float_array id="Armature_LeftUpperArm_pose_matrix-input-array" count="4">0 0.7916667 1.458333 2.041667</float_array>
        <technique_common>
          <accessor source="#Armature_LeftUpperArm_pose_matrix-input-array" count="4" stride="1">
            <param name="TIME" type="float"/>
          </accessor>
        </technique_common>
      </source>
      <source id="Armature_LeftUpperArm_pose_matrix-output">
        <float_array id="Armature_LeftUpperArm_pose_matrix-output-array" count="64">0.9989273 0.03352385 0.03194524 0.3513212 0.03467043 -0.9987487 -0.03604019 0.5217322 0.03069734 0.03710902 -0.9988397 -0.09985539 0 0 0 1 0.9989132 0.03384051 0.03205153 0.3513212 0.04401919 -0.9110029 -0.4100437 0.5217322 0.01532323 0.411009 -0.9115027 -0.09985539 0 0 0 1 0.9989087 0.03392424 0.03210586 0.3513212 0.04558606 -0.8578389 -0.5118926 0.5217322 0.01017636 0.5127976 -0.8584493 -0.09985539 0 0 0 1 0.9988797 0.03426295 0.03263928 0.3513212 0.04103535 -0.2836757 -0.9580417 0.5217322 -0.0235661 0.958308 -0.284764 -0.09985539 0 0 0 1</float_array>
        <technique_common>
          <accessor source="#Armature_LeftUpperArm_pose_matrix-output-array" count="4" stride="16">
            <param name="TRANSFORM" type="float4x4"/>
          </accessor>
        </technique_common>
      </source>
      <source id="Armature_LeftUpperArm_pose_matrix-interpolation">
        <Name_array id="Armature_LeftUpperArm_pose_matrix-interpolation-array" count="4">LINEAR LINEAR LINEAR LINEAR</Name_array>
        <technique_common>
          <accessor source="#Armature_LeftUpperArm_pose_matrix-interpolation-array" count="4" stride="1">
            <param name="INTERPOLATION" type="name"/>
          </accessor>
        </technique_common>
      </source>
      <sampler id="Armature_LeftUpperArm_pose_matrix-sampler">
        <input semantic="INPUT" source="#Armature_LeftUpperArm_pose_matrix-input"/>
        <input semantic="OUTPUT" source="#Armature_LeftUpperArm_pose_matrix-output"/>
        <input semantic="INTERPOLATION" source="#Armature_LeftUpperArm_pose_matrix-interpolation"/>
      </sampler>
      <channel source="#Armature_LeftUpperArm_pose_matrix-sampler" target="LeftUpperArm/transform"/>
    </animation>
    <animation id="Armature_LeftLowerArm_pose_matrix">
      <source id="Armature_LeftLowerArm_pose_matrix-input">
        <float_array id="Armature_LeftLowerArm_pose_matrix-input-array" count="4">0 0.7916667 1.458333 2.041667</float_array>
        <technique_common>
          <accessor source="#Armature_LeftLowerArm_pose_matrix-input-array" count="4" stride="1">
            <param name="TIME" type="float"/>
          </accessor>
        </technique_common>
      </source>
      <source id="Armature_LeftLowerArm_pose_matrix-output">
        <float_array id="Armature_LeftLowerArm_pose_matrix-output-array" count="64">0.9991609 -0.01694701 -0.03728916 2.98023e-8 0.01209051 0.9918535 -0.126809 0.3891175 0.03913439 0.1262518 0.9912261 0 0 0 0 1 0.9991609 -0.01694701 -0.03728916 2.98023e-8 0.01209051 0.9918535 -0.126809 0.3891175 0.03913439 0.1262518 0.9912261 0 0 0 0 1 0.9991609 -0.01694701 -0.03728916 2.98023e-8 0.01209051 0.9918535 -0.126809 0.3891175 0.03913439 0.1262518 0.9912261 0 0 0 0 1 0.2628562 -0.8599606 0.4374642 2.98023e-8 -0.01089051 0.4507347 0.8925915 0.3891175 -0.9647739 -0.2393874 0.109113 0 0 0 0 1</float_array>
        <technique_common>
          <accessor source="#Armature_LeftLowerArm_pose_matrix-output-array" count="4" stride="16">
            <param name="TRANSFORM" type="float4x4"/>
          </accessor>
        </technique_common>
      </source>
      <source id="Armature_LeftLowerArm_pose_matrix-interpolation">
        <Name_array id="Armature_LeftLowerArm_pose_matrix-interpolation-array" count="4">LINEAR LINEAR LINEAR LINEAR</Name_array>
        <technique_common>
          <accessor source="#Armature_LeftLowerArm_pose_matrix-interpolation-array" count="4" stride="1">
            <param name="INTERPOLATION" type="name"/>
          </accessor>
        </technique_common>
      </source>
      <sampler id="Armature_LeftLowerArm_pose_matrix-sampler">
        <input semantic="INPUT" source="#Armature_LeftLowerArm_pose_matrix-input"/>
        <input semantic="OUTPUT" source="#Armature_LeftLowerArm_pose_matrix-output"/>
        <input semantic="INTERPOLATION" source="#Armature_LeftLowerArm_pose_matrix-interpolation"/>
      </sampler>
      <channel source="#Armature_LeftLowerArm_pose_matrix-sampler" target="LeftLowerArm/transform"/>
    </animation>
    <animation id="Armature_RightUpperArm_pose_matrix">
      <source id="Armature_RightUpperArm_pose_matrix-input">
        <float_array id="Armature_RightUpperArm_pose_matrix-input-array" count="4">0 0.7916667 1.458333 2.041667</float_array>
        <technique_common>
          <accessor source="#Armature_RightUpperArm_pose_matrix-input-array" count="4" stride="1">
            <param name="TIME" type="float"/>
          </accessor>
        </technique_common>
      </source>
      <source id="Armature_RightUpperArm_pose_matrix-output">
        <float_array id="Armature_RightUpperArm_pose_matrix-output-array" count="64">0.9989318 -0.03169938 -0.03362009 -0.3513296 -0.03291031 -0.9988063 -0.03609779 0.521113 -0.03243566 0.03716567 -0.9987827 -0.09924385 0 0 0 1 0.9989518 -0.03126451 -0.03343292 -0.3513296 -0.04456219 -0.8311791 -0.5542163 0.521113 -0.01046143 0.5551252 -0.8317012 -0.09924385 0 0 0 1 0.9716213 -0.1536412 -0.1798514 -0.3513296 -0.2038673 -0.1583248 -0.9661118 0.521113 0.1199596 0.9753605 -0.1851542 -0.09924385 0 0 0 1 0.9716213 -0.1536412 -0.1798514 -0.3513296 -0.2038673 -0.1583248 -0.9661118 0.521113 0.1199596 0.9753605 -0.1851542 -0.09924385 0 0 0 1</float_array>
        <technique_common>
          <accessor source="#Armature_RightUpperArm_pose_matrix-output-array" count="4" stride="16">
            <param name="TRANSFORM" type="float4x4"/>
          </accessor>
        </technique_common>
      </source>
      <source id="Armature_RightUpperArm_pose_matrix-interpolation">
        <Name_array id="Armature_RightUpperArm_pose_matrix-interpolation-array" count="4">LINEAR LINEAR LINEAR LINEAR</Name_array>
        <technique_common>
          <accessor source="#Armature_RightUpperArm_pose_matrix-interpolation-array" count="4" stride="1">
            <param name="INTERPOLATION" type="name"/>
          </accessor>
        </technique_common>
      </source>
      <sampler id="Armature_RightUpperArm_pose_matrix-sampler">
        <input semantic="INPUT" source="#Armature_RightUpperArm_pose_matrix-input"/>
        <input semantic="OUTPUT" source="#Armature_RightUpperArm_pose_matrix-output"/>
        <input semantic="INTERPOLATION" source="#Armature_RightUpperArm_pose_matrix-interpolation"/>
      </sampler>
      <channel source="#Armature_RightUpperArm_pose_matrix-sampler" target="RightUpperArm/transform"/>
    </animation>
    <animation id="Armature_RightLowerArm_pose_matrix">
      <source id="Armature_RightLowerArm_pose_matrix-input">
        <float_array id="Armature_RightLowerArm_pose_matrix-input-array" count="4">0 0.7916667 1.458333 2.041667</float_array>
        <technique_common>
          <accessor source="#Armature_RightLowerArm_pose_matrix-input-array" count="4" stride="1">
            <param name="TIME" type="float"/>
          </accessor>
        </technique_common>
      </source>
      <source id="Armature_RightLowerArm_pose_matrix-output">
        <float_array id="Armature_RightLowerArm_pose_matrix-output-array" count="64">0.9943985 0.05950874 0.08735261 5.96046e-8 -0.0616166 0.9978656 0.02163327 0.3891176 -0.0858788 -0.02689442 0.9959427 0 0 0 0 1 0.9943985 0.05950874 0.08735261 5.96046e-8 -0.0616166 0.9978656 0.02163327 0.3891176 -0.0858788 -0.02689442 0.9959427 0 0 0 0 1 0.469012 0.8129556 0.3451542 5.96046e-8 -0.6803241 0.5817568 -0.4457785 0.3891176 -0.563194 -0.0257411 0.825924 0 0 0 0 1 0.469012 0.8129556 0.3451542 5.96046e-8 -0.6803241 0.5817568 -0.4457785 0.3891176 -0.563194 -0.0257411 0.825924 0 0 0 0 1</float_array>
        <technique_common>
          <accessor source="#Armature_RightLowerArm_pose_matrix-output-array" count="4" stride="16">
            <param name="TRANSFORM" type="float4x4"/>
          </accessor>
        </technique_common>
      </source>
      <source id="Armature_RightLowerArm_pose_matrix-interpolation">
        <Name_array id="Armature_RightLowerArm_pose_matrix-interpolation-array" count="4">LINEAR LINEAR LINEAR LINEAR</Name_array>
        <technique_common>
          <accessor source="#Armature_RightLowerArm_pose_matrix-interpolation-array" count="4" stride="1">
            <param name="INTERPOLATION" type="name"/>
          </accessor>
        </technique_common>
      </source>
      <sampler id="Armature_RightLowerArm_pose_matrix-sampler">
        <input semantic="INPUT" source="#Armature_RightLowerArm_pose_matrix-input"/>
        <input semantic="OUTPUT" source="#Armature_RightLowerArm_pose_matrix-output"/>
        <input semantic="INTERPOLATION" source="#Armature_RightLowerArm_pose_matrix-interpolation"/>
      </sampler>
      <channel source="#Armature_RightLowerArm_pose_matrix-sampler" target="RightLowerArm/transform"/>
    </animation>
    <animation id="Armature_LeftUpperLeg_pose_matrix">
      <source id="Armature_LeftUpperLeg_pose_matrix-input">
        <float_array id="Armature_LeftUpperLeg_pose_matrix-input-array" count="4">0 0.7916667 1.458333 2.041667</float_array>
        <technique_common>
          <accessor source="#Armature_LeftUpperLeg_pose_matrix-input-array" count="4" stride="1">
            <param name="TIME" type="float"/>
          </accessor>
        </technique_common>
      </source>
      <source id="Armature_LeftUpperLeg_pose_matrix-output">
        <float_array id="Armature_LeftUpperLeg_pose_matrix-output-array" count="64">0.9996098 0.01483747 0.02365459 0.1484611 0.017348 -0.99381 -0.1097301 0.1391484 0.02188 0.1100977 -0.9936799 -0.0747575 0 0 0 1 0.9980767 0.03988904 0.04744712 0.1484611 0.06019322 -0.8064853 -0.588182 0.1391484 0.01480333 0.589907 -0.8073354 -0.0747575 0 0 0 1 0.9973986 0.04459225 0.05663117 0.1484611 0.07156961 -0.7060195 -0.7045667 0.1391484 0.008564439 0.7067871 -0.7073745 -0.0747575 0 0 0 1 0.9973986 0.04459225 0.05663117 0.1484611 0.07156961 -0.7060195 -0.7045667 0.1391484 0.008564439 0.7067871 -0.7073745 -0.0747575 0 0 0 1</float_array>
        <technique_common>
          <accessor source="#Armature_LeftUpperLeg_pose_matrix-output-array" count="4" stride="16">
            <param name="TRANSFORM" type="float4x4"/>
          </accessor>
        </technique_common>
      </source>
      <source id="Armature_LeftUpperLeg_pose_matrix-interpolation">
        <Name_array id="Armature_LeftUpperLeg_pose_matrix-interpolation-array" count="4">LINEAR LINEAR LINEAR LINEAR</Name_array>
        <technique_common>
          <accessor source="#Armature_LeftUpperLeg_pose_matrix-interpolation-array" count="4" stride="1">
            <param name="INTERPOLATION" type="name"/>
          </accessor>
        </technique_common>
      </source>
      <sampler id="Armature_LeftUpperLeg_pose_matrix-sampler">
        <input semantic="INPUT" source="#Armature_LeftUpperLeg_pose_matrix-input"/>
        <input semantic="OUTPUT" source="#Armature_LeftUpperLeg_pose_matrix-output"/>
        <input semantic="INTERPOLATION" source="#Armature_LeftUpperLeg_pose_matrix-interpolation"/>
      </sampler>
      <channel source="#Armature_LeftUpperLeg_pose_matrix-sampler" target="LeftUpperLeg/transform"/>
    </animation>
    <animation id="Armature_LeftLowerLeg_pose_matrix">
      <source id="Armature_LeftLowerLeg_pose_matrix-input">
        <float_array id="Armature_LeftLowerLeg_pose_matrix-input-array" count="4">0 0.7916667 1.458333 2.041667</float_array>
        <technique_common>
          <accessor source="#Armature_LeftLowerLeg_pose_matrix-input-array" count="4" stride="1">
            <param name="TIME" type="float"/>
          </accessor>
        </technique_common>
      </source>
      <source id="Armature_LeftLowerLeg_pose_matrix-output">
        <float_array id="Armature_LeftLowerLeg_pose_matrix-output-array" count="64">0.9994605 -0.02852669 -0.01628041 0 0.02059729 0.9304434 -0.3658564 0.5011222 0.02558467 0.3653235 0.930529 -5.96046e-8 0 0 0 1 0.9981146 -0.05518033 0.02686956 0 0.0357644 0.1671399 -0.9852844 0.5011222 0.04987731 0.9843881 0.1687983 -5.96046e-8 0 0 0 1 0.9976842 -0.05353971 0.04194548 0 0.03487437 -0.1267785 -0.9913177 0.5011222 0.05839262 0.9904855 -0.1246176 -5.96046e-8 0 0 0 1 0.9976842 -0.05353971 0.04194548 0 0.03487437 -0.1267785 -0.9913177 0.5011222 0.05839262 0.9904855 -0.1246176 -5.96046e-8 0 0 0 1</float_array>
        <technique_common>
          <accessor source="#Armature_LeftLowerLeg_pose_matrix-output-array" count="4" stride="16">
            <param name="TRANSFORM" type="float4x4"/>
          </accessor>
        </technique_common>
      </source>
      <source id="Armature_LeftLowerLeg_pose_matrix-interpolation">
        <Name_array id="Armature_LeftLowerLeg_pose_matrix-interpolation-array" count="4">LINEAR LINEAR LINEAR LINEAR</Name_array>
        <technique_common>
          <accessor source="#Armature_LeftLowerLeg_pose_matrix-interpolation-array" count="4" stride="1">
            <param name="INTERPOLATION" type="name"/>
          </accessor>
        </technique_common>
      </source>
      <sampler id="Armature_LeftLowerLeg_pose_matrix-sampler">
        <input semantic="INPUT" source="#Armature_LeftLowerLeg_pose_matrix-input"/>
        <input semantic="OUTPUT" source="#Armature_LeftLowerLeg_pose_matrix-output"/>
        <input semantic="INTERPOLATION" source="#Armature_LeftLowerLeg_pose_matrix-interpolation"/>
      </sampler>
      <channel source="#Armature_LeftLowerLeg_pose_matrix-sampler" target="LeftLowerLeg/transform"/>
    </animation>
    <animation id="Armature_LeftFoot_pose_matrix">
      <source id="Armature_LeftFoot_pose_matrix-input">
        <float_array id="Armature_LeftFoot_pose_matrix-input-array" count="4">0 0.7916667 1.458333 2.041667</float_array>
        <technique_common>
          <accessor source="#Armature_LeftFoot_pose_matrix-input-array" count="4" stride="1">
            <param name="TIME" type="float"/>
          </accessor>
        </technique_common>
      </source>
      <source id="Armature_LeftFoot_pose_matrix-output">
        <float_array id="Armature_LeftFoot_pose_matrix-output-array" count="64">0.9963838 -0.08417867 -0.0115428 1.49012e-8 0.01263746 0.01248261 0.9998423 0.5758398 -0.08402129 -0.9963726 0.01350132 0 0 0 0 1 0.996249 -0.08435335 -0.01929748 1.49012e-8 -0.02763956 -0.5215268 0.8527873 0.5758398 -0.08199959 -0.8490551 -0.521902 0 0 0 0 1 0.9962698 -0.08357733 -0.02148376 1.49012e-8 -0.03867602 -0.6550103 0.7546296 0.5758398 -0.07714199 -0.7509837 -0.6557994 0 0 0 0 1 0.9962698 -0.08357733 -0.02148376 1.49012e-8 -0.03867602 -0.6550103 0.7546296 0.5758398 -0.07714199 -0.7509837 -0.6557994 0 0 0 0 1</float_array>
        <technique_common>
          <accessor source="#Armature_LeftFoot_pose_matrix-output-array" count="4" stride="16">
            <param name="TRANSFORM" type="float4x4"/>
          </accessor>
        </technique_common>
      </source>
      <source id="Armature_LeftFoot_pose_matrix-interpolation">
        <Name_array id="Armature_LeftFoot_pose_matrix-interpolation-array" count="4">LINEAR LINEAR LINEAR LINEAR</Name_array>
        <technique_common>
          <accessor source="#Armature_LeftFoot_pose_matrix-interpolation-array" count="4" stride="1">
            <param name="INTERPOLATION" type="name"/>
          </accessor>
        </technique_common>
      </source>
      <sampler id="Armature_LeftFoot_pose_matrix-sampler">
        <input semantic="INPUT" source="#Armature_LeftFoot_pose_matrix-input"/>
        <input semantic="OUTPUT" source="#Armature_LeftFoot_pose_matrix-output"/>
        <input semantic="INTERPOLATION" source="#Armature_LeftFoot_pose_matrix-interpolation"/>
      </sampler>
      <channel source="#Armature_LeftFoot_pose_matrix-sampler" target="LeftFoot/transform"/>
    </animation>
    <animation id="Armature_LeftFoot_001_pose_matrix">
      <source id="Armature_LeftFoot_001_pose_matrix-input">
        <float_array id="Armature_LeftFoot_001_pose_matrix-input-array" count="4">0 0.7916667 1.458333 2.041667</float_array>
        <technique_common>
          <accessor source="#Armature_LeftFoot_001_pose_matrix-input-array" count="4" stride="1">
            <param name="TIME" type="float"/>
          </accessor>
        </technique_common>
      </source>
      <source id="Armature_LeftFoot_001_pose_matrix-output">
        <float_array id="Armature_LeftFoot_001_pose_matrix-output-array" count="64">0.9963838 -0.08417866 -0.01154282 0.01623259 0.01263747 0.01248261 0.9998423 0.6901075 -0.08402128 -0.9963726 0.01350132 -0.004721284 0 0 0 1 0.9963838 -0.08417866 -0.01154282 0.01623259 0.01263747 0.01248261 0.9998423 0.6901075 -0.08402128 -0.9963726 0.01350132 -0.004721284 0 0 0 1 0.9963838 -0.08417866 -0.01154282 0.01623259 0.01263747 0.01248261 0.9998423 0.6901075 -0.08402128 -0.9963726 0.01350132 -0.004721284 0 0 0 1 0.9963838 -0.08417866 -0.01154282 0.01623259 0.01263747 0.01248261 0.9998423 0.6901075 -0.08402128 -0.9963726 0.01350132 -0.004721284 0 0 0 1</float_array>
        <technique_common>
          <accessor source="#Armature_LeftFoot_001_pose_matrix-output-array" count="4" stride="16">
            <param name="TRANSFORM" type="float4x4"/>
          </accessor>
        </technique_common>
      </source>
      <source id="Armature_LeftFoot_001_pose_matrix-interpolation">
        <Name_array id="Armature_LeftFoot_001_pose_matrix-interpolation-array" count="4">LINEAR LINEAR LINEAR LINEAR</Name_array>
        <technique_common>
          <accessor source="#Armature_LeftFoot_001_pose_matrix-interpolation-array" count="4" stride="1">
            <param name="INTERPOLATION" type="name"/>
          </accessor>
        </technique_common>
      </source>
      <sampler id="Armature_LeftFoot_001_pose_matrix-sampler">
        <input semantic="INPUT" source="#Armature_LeftFoot_001_pose_matrix-input"/>
        <input semantic="OUTPUT" source="#Armature_LeftFoot_001_pose_matrix-output"/>
        <input semantic="INTERPOLATION" source="#Armature_LeftFoot_001_pose_matrix-interpolation"/>
      </sampler>
      <channel source="#Armature_LeftFoot_001_pose_matrix-sampler" target="LeftFoot_001/transform"/>
    </animation>
    <animation id="Armature_RightUpperLeg_pose_matrix">
      <source id="Armature_RightUpperLeg_pose_matrix-input">
        <float_array id="Armature_RightUpperLeg_pose_matrix-input-array" count="4">0 0.7916667 1.458333 2.041667</float_array>
        <technique_common>
          <accessor source="#Armature_RightUpperLeg_pose_matrix-input-array" count="4" stride="1">
            <param name="TIME" type="float"/>
          </accessor>
        </technique_common>
      </source>
      <source id="Armature_RightUpperLeg_pose_matrix-output">
        <float_array id="Armature_RightUpperLeg_pose_matrix-output-array" count="64">0.9996387 -0.0209019 -0.01691318 -0.1473352 -0.0218227 -0.9981796 -0.05622509 0.1359706 -0.01570731 0.05657385 -0.9982749 -0.04858178 0 0 0 1 0.997583 -0.05193836 -0.0461642 -0.1473352 -0.06883267 -0.829678 -0.5539821 0.1359706 -0.00952864 0.5558206 -0.8312477 -0.04858178 0 0 0 1 0.996676 -0.05769427 -0.05752371 -0.1473352 -0.08141515 -0.7315732 -0.6768842 0.1359706 -0.0030306 0.6793174 -0.7338384 -0.04858178 0 0 0 1 0.996676 -0.05769427 -0.05752371 -0.1473352 -0.08141515 -0.7315732 -0.6768842 0.1359706 -0.0030306 0.6793174 -0.7338384 -0.04858178 0 0 0 1</float_array>
        <technique_common>
          <accessor source="#Armature_RightUpperLeg_pose_matrix-output-array" count="4" stride="16">
            <param name="TRANSFORM" type="float4x4"/>
          </accessor>
        </technique_common>
      </source>
      <source id="Armature_RightUpperLeg_pose_matrix-interpolation">
        <Name_array id="Armature_RightUpperLeg_pose_matrix-interpolation-array" count="4">LINEAR LINEAR LINEAR LINEAR</Name_array>
        <technique_common>
          <accessor source="#Armature_RightUpperLeg_pose_matrix-interpolation-array" count="4" stride="1">
            <param name="INTERPOLATION" type="name"/>
          </accessor>
        </technique_common>
      </source>
      <sampler id="Armature_RightUpperLeg_pose_matrix-sampler">
        <input semantic="INPUT" source="#Armature_RightUpperLeg_pose_matrix-input"/>
        <input semantic="OUTPUT" source="#Armature_RightUpperLeg_pose_matrix-output"/>
        <input semantic="INTERPOLATION" source="#Armature_RightUpperLeg_pose_matrix-interpolation"/>
      </sampler>
      <channel source="#Armature_RightUpperLeg_pose_matrix-sampler" target="RightUpperLeg/transform"/>
    </animation>
    <animation id="Armature_RightLowerLeg_pose_matrix">
      <source id="Armature_RightLowerLeg_pose_matrix-input">
        <float_array id="Armature_RightLowerLeg_pose_matrix-input-array" count="4">0 0.7916667 1.458333 2.041667</float_array>
        <technique_common>
          <accessor source="#Armature_RightLowerLeg_pose_matrix-input-array" count="4" stride="1">
            <param name="TIME" type="float"/>
          </accessor>
        </technique_common>
      </source>
      <source id="Armature_RightLowerLeg_pose_matrix-output">
        <float_array id="Armature_RightLowerLeg_pose_matrix-output-array" count="64">0.9994757 0.02775092 0.01668569 0 -0.02107462 0.9487022 -0.3154679 0.4949075 -0.02458427 0.3149507 0.9487895 0 0 0 0 1 0.99771 0.06035633 -0.03053314 0 -0.04130766 0.1862373 -0.9816361 0.4949075 -0.05356155 0.9806491 0.1883041 0 0 0 0 1 0.9971209 0.05900183 -0.04763596 0 -0.04052217 -0.1163917 -0.9923762 0.4949075 -0.06409647 0.9914493 -0.1136656 0 0 0 0 1 0.9971209 0.05900183 -0.04763596 0 -0.04052217 -0.1163917 -0.9923762 0.4949075 -0.06409647 0.9914493 -0.1136656 0 0 0 0 1</float_array>
        <technique_common>
          <accessor source="#Armature_RightLowerLeg_pose_matrix-output-array" count="4" stride="16">
            <param name="TRANSFORM" type="float4x4"/>
          </accessor>
        </technique_common>
      </source>
      <source id="Armature_RightLowerLeg_pose_matrix-interpolation">
        <Name_array id="Armature_RightLowerLeg_pose_matrix-interpolation-array" count="4">LINEAR LINEAR LINEAR LINEAR</Name_array>
        <technique_common>
          <accessor source="#Armature_RightLowerLeg_pose_matrix-interpolation-array" count="4" stride="1">
            <param name="INTERPOLATION" type="name"/>
          </accessor>
        </technique_common>
      </source>
      <sampler id="Armature_RightLowerLeg_pose_matrix-sampler">
        <input semantic="INPUT" source="#Armature_RightLowerLeg_pose_matrix-input"/>
        <input semantic="OUTPUT" source="#Armature_RightLowerLeg_pose_matrix-output"/>
        <input semantic="INTERPOLATION" source="#Armature_RightLowerLeg_pose_matrix-interpolation"/>
      </sampler>
      <channel source="#Armature_RightLowerLeg_pose_matrix-sampler" target="RightLowerLeg/transform"/>
    </animation>
    <animation id="Armature_RightFoot_pose_matrix">
      <source id="Armature_RightFoot_pose_matrix-input">
        <float_array id="Armature_RightFoot_pose_matrix-input-array" count="4">0 0.7916667 1.458333 2.041667</float_array>
        <technique_common>
          <accessor source="#Armature_RightFoot_pose_matrix-input-array" count="4" stride="1">
            <param name="TIME" type="float"/>
          </accessor>
        </technique_common>
      </source>
      <source id="Armature_RightFoot_pose_matrix-output">
        <float_array id="Armature_RightFoot_pose_matrix-output-array" count="64">0.996384 0.08417842 0.01154286 -1.49012e-8 -0.01263752 0.01248264 0.9998422 0.5758399 0.08402106 -0.9963726 0.01350132 0 0 0 0 1 0.9960864 0.08626351 0.01925524 -1.49012e-8 0.02867264 -0.5214419 0.8528049 0.5758399 0.08360643 -0.8489152 -0.5218746 0 0 0 0 1 0.9960582 0.0860254 0.02163402 -1.49012e-8 0.04016919 -0.6548894 0.7546564 0.5758399 0.07908753 -0.7508126 -0.6557634 0 0 0 0 1 0.9960582 0.0860254 0.02163402 -1.49012e-8 0.04016919 -0.6548894 0.7546564 0.5758399 0.07908753 -0.7508126 -0.6557634 0 0 0 0 1</float_array>
        <technique_common>
          <accessor source="#Armature_RightFoot_pose_matrix-output-array" count="4" stride="16">
            <param name="TRANSFORM" type="float4x4"/>
          </accessor>
        </technique_common>
      </source>
      <source id="Armature_RightFoot_pose_matrix-interpolation">
        <Name_array id="Armature_RightFoot_pose_matrix-interpolation-array" count="4">LINEAR LINEAR LINEAR LINEAR</Name_array>
        <technique_common>
          <accessor source="#Armature_RightFoot_pose_matrix-interpolation-array" count="4" stride="1">
            <param name="INTERPOLATION" type="name"/>
          </accessor>
        </technique_common>
      </source>
      <sampler id="Armature_RightFoot_pose_matrix-sampler">
        <input semantic="INPUT" source="#Armature_RightFoot_pose_matrix-input"/>
        <input semantic="OUTPUT" source="#Armature_RightFoot_pose_matrix-output"/>
        <input semantic="INTERPOLATION" source="#Armature_RightFoot_pose_matrix-interpolation"/>
      </sampler>
      <channel source="#Armature_RightFoot_pose_matrix-sampler" target="RightFoot/transform"/>
    </animation>
    <animation id="Armature_RightFoot_001_pose_matrix">
      <source id="Armature_RightFoot_001_pose_matrix-input">
        <float_array id="Armature_RightFoot_001_pose_matrix-input-array" count="4">0 0.7916667 1.458333 2.041667</float_array>
        <technique_common>
          <accessor source="#Armature_RightFoot_001_pose_matrix-input-array" count="4" stride="1">
            <param name="TIME" type="float"/>
          </accessor>
        </technique_common>
      </source>
      <source id="Armature_RightFoot_001_pose_matrix-output">
        <float_array id="Armature_RightFoot_001_pose_matrix-output-array" count="64">0.996384 0.0841784 0.0115428 -0.01623259 -0.01263747 0.01248264 0.9998422 0.6901076 0.08402103 -0.9963726 0.01350132 -0.004721254 0 0 0 1 0.996384 0.0841784 0.0115428 -0.01623259 -0.01263747 0.01248264 0.9998422 0.6901076 0.08402103 -0.9963726 0.01350132 -0.004721254 0 0 0 1 0.996384 0.0841784 0.0115428 -0.01623259 -0.01263747 0.01248264 0.9998422 0.6901076 0.08402103 -0.9963726 0.01350132 -0.004721254 0 0 0 1 0.996384 0.0841784 0.0115428 -0.01623259 -0.01263747 0.01248264 0.9998422 0.6901076 0.08402103 -0.9963726 0.01350132 -0.004721254 0 0 0 1</float_array>
        <technique_common>
          <accessor source="#Armature_RightFoot_001_pose_matrix-output-array" count="4" stride="16">
            <param name="TRANSFORM" type="float4x4"/>
          </accessor>
        </technique_common>
      </source>
      <source id="Armature_RightFoot_001_pose_matrix-interpolation">
        <Name_array id="Armature_RightFoot_001_pose_matrix-interpolation-array" count="4">LINEAR LINEAR LINEAR LINEAR</Name_array>
        <technique_common>
          <accessor source="#Armature_RightFoot_001_pose_matrix-interpolation-array" count="4" stride="1">
            <param name="INTERPOLATION" type="name"/>
          </accessor>
        </technique_common>
      </source>
      <sampler id="Armature_RightFoot_001_pose_matrix-sampler">
        <input semantic="INPUT" source="#Armature_RightFoot_001_pose_matrix-input"/>
        <input semantic="OUTPUT" source="#Armature_RightFoot_001_pose_matrix-output"/>
        <input semantic="INTERPOLATION" source="#Armature_RightFoot_001_pose_matrix-interpolation"/>
      </sampler>
      <channel source="#Armature_RightFoot_001_pose_matrix-sampler" target="RightFoot_001/transform"/>
    </animation>
  </library_animations>
  <library_controllers/>
  <library_visual_scenes>
    <visual_scene id="Scene" name="Scene">
      <node id="Armature" name="Armature" type="NODE">
        <translate sid="location">0 0 0</translate>
        <rotate sid="rotationZ">0 0 1 0</rotate>
        <rotate sid="rotationY">0 1 0 0</rotate>
        <rotate sid="rotationX">1 0 0 0</rotate>
        <scale sid="scale">1 1 1</scale>
        <node id="Root" name="Root" sid="Root" type="JOINT">
          <matrix sid="transform">-0.003292543 -0.04225564 0.9991013 0.05857142 0.9999913 -0.002665732 0.003182736 4.44538e-8 0.002528854 0.9991032 0.04226406 1.051394 0 0 0 1</matrix>
          <node id="Body" name="Body" sid="Body" type="JOINT">
            <matrix sid="transform">0.9999856 0.003237515 -0.004287603 0 -0.003624307 0.9956113 -0.09351306 0.2032429 0.003966036 0.09352726 0.9956088 7.45058e-9 0 0 0 1</matrix>
            <node id="Head" name="Head" sid="Head" type="JOINT">
              <matrix sid="transform">0.9999992 -8.38127e-4 9.11209e-4 0 8.81057e-4 0.9988383 -0.04818062 0.6149032 -8.69769e-4 0.04818139 0.9988382 -4.65661e-9 0 0 0 1</matrix>
            </node>
            <node id="LeftUpperArm" name="LeftUpperArm" sid="LeftUpperArm" type="JOINT">
              <matrix sid="transform">0.9989274 0.03352385 0.03194525 0.3513211 0.03467042 -0.9987487 -0.03604015 0.521732 0.03069734 0.03710904 -0.9988397 -0.09985532 0 0 0 1</matrix>
              <node id="LeftLowerArm" name="LeftLowerArm" sid="LeftLowerArm" type="JOINT">
                <matrix sid="transform">0.9991609 -0.01694702 -0.03728915 -2.98023e-8 0.01209051 0.9918536 -0.126809 0.3891176 0.0391344 0.1262518 0.9912261 -3.72529e-9 0 0 0 1</matrix>
              </node>
            </node>
            <node id="RightUpperArm" name="RightUpperArm" sid="RightUpperArm" type="JOINT">
              <matrix sid="transform">0.9989318 -0.03169939 -0.0336201 -0.3513297 -0.03291031 -0.9988063 -0.03609777 0.5211129 -0.03243566 0.03716566 -0.9987826 -0.09924382 0 0 0 1</matrix>
              <node id="RightLowerArm" name="RightLowerArm" sid="RightLowerArm" type="JOINT">
                <matrix sid="transform">0.9943987 0.05950874 0.0873526 2.98023e-8 -0.06161658 0.9978656 0.02163322 0.3891174 -0.08587877 -0.02689441 0.9959426 -3.72529e-9 0 0 0 1</matrix>
              </node>
            </node>
          </node>
          <node id="LeftUpperLeg" name="LeftUpperLeg" sid="LeftUpperLeg" type="JOINT">
            <matrix sid="transform">0.9996098 0.01483747 0.0236546 0.1484611 0.017348 -0.9938099 -0.1097301 0.1391485 0.02188 0.1100977 -0.9936798 -0.0747575 0 0 0 1</matrix>
            <node id="LeftLowerLeg" name="LeftLowerLeg" sid="LeftLowerLeg" type="JOINT">
              <matrix sid="transform">0.9994605 -0.02852667 -0.01628042 -1.49012e-8 0.02059728 0.9304434 -0.3658563 0.5011222 0.02558467 0.3653236 0.930529 0 0 0 0 1</matrix>
              <node id="LeftFoot" name="LeftFoot" sid="LeftFoot" type="JOINT">
                <matrix sid="transform">0.996384 -0.08417867 -0.0115428 0 0.01263746 0.01248263 0.9998423 0.5758398 -0.0840213 -0.9963726 0.01350129 -2.23517e-8 0 0 0 1</matrix>
              </node>
              <node id="LeftFoot_001" name="LeftFoot.001" sid="LeftFoot_001" type="JOINT">
                <matrix sid="transform">0.996384 -0.08417866 -0.01154282 0.01623258 0.01263747 0.01248263 0.9998423 0.6901076 -0.08402129 -0.9963726 0.01350129 -0.004721276 0 0 0 1</matrix>
              </node>
            </node>
          </node>
          <node id="RightUpperLeg" name="RightUpperLeg" sid="RightUpperLeg" type="JOINT">
            <matrix sid="transform">0.9996387 -0.0209019 -0.01691318 -0.1473352 -0.0218227 -0.9981796 -0.0562251 0.1359706 -0.01570732 0.05657386 -0.9982749 -0.04858178 0 0 0 1</matrix>
            <node id="RightLowerLeg" name="RightLowerLeg" sid="RightLowerLeg" type="JOINT">
              <matrix sid="transform">0.9994755 0.02775092 0.01668569 1.49012e-8 -0.02107462 0.9487022 -0.3154679 0.4949076 -0.02458428 0.3149509 0.9487896 7.45058e-9 0 0 0 1</matrix>
              <node id="RightFoot" name="RightFoot" sid="RightFoot" type="JOINT">
                <matrix sid="transform">0.996384 0.0841784 0.01154286 -1.49012e-8 -0.01263751 0.01248263 0.9998423 0.5758398 0.08402105 -0.9963725 0.01350132 4.47035e-8 0 0 0 1</matrix>
              </node>
              <node id="RightFoot_001" name="RightFoot.001" sid="RightFoot_001" type="JOINT">
                <matrix sid="transform">0.996384 0.08417838 0.0115428 -0.01623259 -0.01263746 0.01248263 0.9998422 0.6901076 0.08402102 -0.9963725 0.0135013 -0.004721239 0 0 0 1</matrix>
              </node>
            </node>
          </node>
        </node>
      </node>
    </visual_scene>
  </library_visual_scenes>
  <scene>
    <instance_visual_scene url="#Scene"/>
  </scene>
</COLLADA>